val
19.188344272876027
42.757461360922555
4.018823131918907
10.111585937787082
27.95063197444726
0.9051471389830112
11.5358926076442
25.398629549050575
11.719536213204265
21.528787686580664
12.287598326802254
2.0508177392184734
2.912646745859284
2.9288903952748617
3.4266867370246064
0.2925272658467293
0.08661442363584093
93.8854394057646
14.078029261276452
3.1588852126151323
1.9675560562914638
47.50456871081375
0.7729686982929707
41.81066138482762
21.179953218022398
15.776399317288641
0.7991746999323368
2.514984318986535
67.08327963612176
20.000379140579945
26.231438969815848
9.049403903505407
27.07665357654715
15.129977040720679
56.54732480938121
4.155788449570537
74.78824536827328
10.927938409149647
29.626369847167023
2.6527402084320784
18.741142413670065
7.33809410390068
111.83629243893817
0.6029504552878867
5.024747047573328
39.01600669901419
32.59089124234796
29.9145815504675
73.60988597896817
10.33049183897674
7.51285107806325
3.477238165214658
97.15031597175171
13.36305595934391
9.598588502790589
24.369281399154907
0.4786999709904194
35.12965950946856
0.37402475252747536
36.9637839479332
2.991639133542776
111.69117897076801
12.825711090117693
23.10003998296721
1.8551049565603046
35.05625996570635
44.15746699766589
8.646896136924624
10.01037621870637
10.869936347007751
7.243111506104469
22.14670170014525
9.74692139774561
26.98637168770457
29.252088080620666
1.0556145571172237
15.587962452633468
19.987920049719207
1.398600284010172
6.616551075130701
49.08945422367526
4.317766796588826
1.994638005271554
2.0604393346236103
11.407251674681902
40.239463968384754
46.14793564872218
33.00818584691334
17.949089444333556
15.460746685873126
8.757031355053186
35.22226717155028
24.118379539901262
11.96529314853251
2.796957390382886
7.018900837497599
4.16344609292188
3.5363765340298414
2.3926744703008582
15.012304856533055
2.500025991716515
18.048578574413302
3.274827990680933
23.42483192598248
18.474281075501683
19.359524286443236
6.828119698911905
16.02254537781501
39.42307293319858
0.133048752322793
12.26754941046238
16.56779225831652
0.5109738744795322
23.26441066255594
19.966945889497044
11.552541496147786
48.41688435272647
1.7183653653959396
13.113153874874115
17.410595248544457
23.88880994086886
12.232238091528416
11.02010210044682
21.48127034222508
16.07215667394263
15.346360585289238
7.80784516595304
22.30843873610521
11.035490343347192
9.936571065336466
3.908496139461142
27.66596035947824
8.328636167570949
3.2861909177154303
72.84903179434063
27.576101421469694
10.326555101200938
16.083134728574993
4.06706792859684
9.960695896297693
22.18879533847595
6.790032582357526
5.183769913884888
21.957586727004347
10.93496723100543
28.072465582001694
20.168029702359682
26.424930076205975
3.9756780862808228
2.1142546366900206
11.393777541816235
16.03814588775659
20.353496928986505
10.663416823372245
20.960473849613965
4.520616483726557
25.03866685470367
5.457193208858371
0.22685904551103755
9.161264011636376
20.238885431641584
20.794515792375332
8.024621019139886
14.199865869337563
9.914374151014611
4.3931633699685335
6.444805119960821
24.858453962111717
23.992352943691102
19.136759824210646
60.52119597456552
16.537021528089287
18.35676715247657
4.927960738642488
32.698607399075556
8.33478027023375
1.0647653029452517
4.7897138725966215
26.42966803079272
113.73270502965349
14.726379103118424
37.24750820379305
26.430178768092638
85.58503137307977
4.231466203927994
2.1876470372080803
6.530353259295225
4.539816454052925
50.01626398791696
7.5797851756215096
27.04902049070025
8.802296509966254
11.458926675841212
7.19123818911612
15.644837488773472
22.42385534485603
0.2578980103135109
15.009189843291287
28.808609515299672
124.79291404772619
25.4457866950872
3.951773354783654
5.008152397349477
25.743799357766157
23.34147374992991
8.062737816944718
0.8068312272843753
6.487922323867679
41.32969800214816
26.046545337045437
13.981144185269121
115.15235281353856
2.9558821115642786
10.292096715420485
2.3321174923330545
52.262887989444266
6.037856166906347
2.6226440258324146
34.539703129041676
2.701726444065571
10.366722401231527
4.072625106200576
42.523855810082274
13.552968204021454
20.477183423096186
30.8571046275102
74.40964053896191
1.3627197314053774
43.06015545883565
1.2129971198737621
92.96227909120466
14.105403944009785
24.31890183975721
62.34664201400377
5.61540706606921
11.301541347056627
6.549709429964423
6.528469091281295
49.230053379749904
3.8051798111347575
27.0777500784936
2.905748195641984
2.7245433628559113
72.05404794439315
14.789032433911986
5.932841009859436
51.2291693759621
87.47196115870081
18.271343111151698
10.567325539886951
20.257849375808483
6.380411433055997
12.626850791275501
70.77899608204311
1.7706905100655732
7.052295720204711
18.38325103446349
5.436972677725048
21.764186917249333
8.270672625009087
4.4814973417669535
68.32110121510125
2.551048206654926
13.55063235387206
14.410810097211842
17.894171629557118
21.4264993174913
18.022428824657442
10.955760998274114
11.003818847239017
0.3687781933695078
52.35724117354823
36.15725297312785
3.904749610883271
21.975402067506558
17.751881609761956
5.599893424659967
5.725033618509769
3.7233849242329597
15.22184991741155
8.540342207998037
43.9355660219325
28.864683320928105
29.068347810018548
24.726672823632008
50.68088140086604
14.279292448514942
50.18894215420634
10.811660839244723
19.554390198642256
13.999695725909437
7.316690050065517
16.149926520623467
31.538540942776688
2.7829381078481674
1.6182705201208591
23.095891661101824
8.09962241910398
37.93621696363736
9.262576848268509
108.04128500976135
22.988634443933016
27.03719653105164
0.17743517644703388
10.55713888257742
50.461874564451705
22.98587594615978
26.6986069074812
8.330581914633512
46.89899522559119
14.502366887053626
55.12813191608859
27.90435484655508
31.962691022265442
35.810181236076836
4.140166733413935
7.0210670586675406
5.52106199786067
1.1257313564419746
33.98762069474507
32.4829546717887
0.2684819807754136
48.228590970201026
21.14341389303828
14.95993537744308
8.063483024016023
0.9397943783551455
18.936625401580574
7.198785968922636
4.8611837439239025
10.433793179690838
41.48010879586984
43.09408685810388
7.31875023804605
48.729732145828734
2.731493143364787
1.9068890437483788
25.79285692339564
21.614554560834414
4.502103365957737
4.030606211380215
12.510324958711863
22.28841903507567
2.7933703176677227
18.259319811219218
0.7814981788396835
38.39956082235623
18.1944513330168
0.982962166890502
7.711333685958496
9.498183969408274
26.21918897991801
9.179768348112702
11.999066714197397
6.114831662483575
53.17757498220874
24.807948674166447
15.683957664346442
20.61256175175742
1.3154834788292646
5.916514191776514
9.557809364050627
4.086620509624481
7.160902570998763
158.1187745484259
10.429415255784988
75.19641737964871
11.632395889610052
11.37822742573917
37.8123274056201
0.8244414627552032
35.072462780583386
19.451240765953305
55.88585465810396
6.899982187896967
1.6544107008264073
3.257780775810453
29.36659369449664
8.089483380317688
11.767818152898386
19.192285505339676
17.858194968754294
5.214551882818341
5.441123377531767
14.102418943399433
14.506460482473909
37.69657749514628
8.888559881597757
55.30677508310748
11.453030919656157
4.999790675938129
11.323923533782363
23.00076249902869
3.8005083613097668
3.7731499318033457
6.550662033259869
2.7380813471972942
30.7192171348219
2.9727595963853886
13.036097139120102
23.606899908799388
62.83589239364745
46.03092207486838
31.63028664718915
12.550533106550574
16.819754800850394
44.205682312411795
2.4401547107845545
8.412778060883284
13.626186456531286
29.999825661007428
3.3833064697682858
23.59153201719547
24.22140909274841
2.1581643902001773
32.95358560811329
13.132949061691761
31.974221354532727
14.012906345629935
8.893670309334993
62.687117901063935
2.8125309199094772
7.966743266474387
15.903860809545263
12.918316489085555
12.22341438755393
5.579308489731054
0.4920528369042159
9.717036969959736
2.9568344075232744
4.817278832197189
13.68479898199439
15.330479274595026
25.98885832923984
3.1264219898730516
8.635233752429485
69.66263722208264
1.5848121581577248
9.040814070031047
8.785687759518623
9.510696195065975
17.67925396477604
9.967318046838045
3.1382490415126085
3.9483008979011207
12.583553967997432
72.58742939260723
8.684145156294107
1.1160408426076174
9.520292226225138
5.565929869189858
2.7368562389165163
6.543874694034457
10.657355040311813
33.769417327141824
37.60333310644675
5.547427485464784
15.542392802487937
2.9111211487683226
67.22338154575921
10.642826911062002
11.304158503189683
14.576434140855152
16.297019159561643
8.402161598205566
17.148106488490345
61.687113788343446
1.0893411841243505
7.889596084132791
7.4898518063127995
59.93238269946672
53.04723608986808
54.06730252997352
17.74026999166036
13.2362917996943
24.31059282189036
0.811202393549004
3.3661664710110752
9.065752513706684
87.67790831121351
4.95812036212198
0.4067854788166777
39.224878496704925
7.9553815212944485
62.567997499286605
7.4898324348032475
0.3840157449398135
22.751741246444542
0.4150866810232401
2.1220328362663574
15.616960662453408
3.1211736612021923
21.98702022042965
6.4963344836477335
5.672435341402888
27.58989155208493
26.156311350965744
13.280569445341825
2.1038602508803326
10.112971412017941
17.228179021106925
10.267683379352093
14.440078683647675
56.296870763805885
42.79885057107879
7.589427465572953
7.731178505346179
26.08289062892819
4.941384345293045
10.083785215392709
11.807811614125967
18.31448336979175
0.5467104632407427
3.6094718985259533
10.166065851226449
6.850016327697832
57.158729474943584
10.23844014853239
6.455917730927467
34.329505784619336
1.96331907272302
40.25542776863624
0.03258475102484226
11.006403109058738
11.616433216258883
30.518887823629864
31.559024901398285
45.46722803012801
47.612788413924704
16.27866124505867
65.19512470282095
2.0237882900983095
0.6783700713230909
2.922864630818367
24.299729502851015
1.5954544581472874
82.8206629636598
26.542460451925045
1.8828208465129137
18.317518233412745
0.7624196404270239
21.276533866785993
21.535385140500757
18.842367496891814
61.712906953311936
24.222381095493084
54.774509628576766
14.740757531577591
9.625942539423704
0.42254969477653503
38.13235994260359
37.55829609762478
6.73439190723002
19.327528513127806
12.429007897153497
4.336669950141404
2.88911372423172
31.781741406372017
6.904456932097673
20.602129119539505
10.507656754925847
9.12471191957593
1.2168670666273447
12.355075012892485
3.594919902998189
19.959372645600894
0.734712602570653
101.82921621360352
2.074420815333724
31.26850744742205
12.785411179065704
5.135694331201071
12.340112570673227
5.75660640373826
30.30214942823697
52.42220442490054
12.605607295408845
5.488614859059453
14.484248309487347
45.416867120304126
6.743591651985412
19.925590170017355
18.170597664171698
25.323543566370255
0.14274272396941065
3.254708768799901
1.0219226963818073
10.421287253502221
6.181047911649285
3.449709737028644
154.70184745611624
8.35409446104462
16.695299136435754
19.97270787050748
26.181417628282553
41.9728428472705
1.9592512305825949
1.9735526852309704
3.42822220124975
1.268882667645812
28.847326545656237
61.54457258684782
6.242667422244353
3.5394442892215263
13.14043671824038
13.47772658802569
12.663953183218837
21.618130291895426
6.438960684463382
10.857262499630451
7.743277484551072
2.8277139342957094
67.87306457421876
0.41161379002125187
2.617767956107855
18.86223062788868
1.0208441782742739
36.16820167582083
9.126530159264803
29.62216741681338
17.558673022362722
2.489403168037532
1.0762600107439393
6.59261961545444
26.55795734291697
0.558768475384154
14.749806114829829
81.42818670299772
21.009248121732718
26.963814850056416
0.04639519068898646
5.928297229111195
2.118699261918664
10.30601691454649
5.818887008354068
78.07539175775769
9.079349329695106
13.11062078922987
12.547665601596236
34.46498006414223
1.8109774682670832
6.785657304289899
21.309887393468863
32.8879061324482
87.49975896867659
7.072412809357047
14.40693478947306
16.28108834058276
24.26627308046246
7.602160024080636
8.377070346047788
19.30911759328159
33.97484030406523
25.449315029287582
8.208351666107774
16.166896856481078
10.33579520881176
8.298638677224517
9.959367765113711
30.86777514717931
26.35875740935827
87.4458520438329
47.90767464534713
127.48138870287755
33.9792275237732
50.379574333590995
4.936746023595333
21.35977182453299
2.874882686356127
11.959643214941025
25.04343643060856
7.527561699971557
6.140541732311249
1.5099816396832466
6.3145107217133045
88.76796043905165
34.23470805598801
19.468620828444006
1.3868945339946583
4.642107244580984
79.45369462993862
3.8363848254084587
1.5298113449389261
9.600821128115058
8.024147730320692
25.004449150616175
34.328023715126996
6.259477833133724
10.774852465838194
29.612977238399974
25.35229157572413
31.800932174730786
11.679232055321336
14.01740504344726
35.339396432607316
29.454111555849583
38.50696574728537
6.826126342639327
21.844436590684595
9.176385505124927
32.310419157146896
14.003483052843889
22.738400640988594
44.0251056452222
37.100730648446564
18.238148241395
2.1154453509239604
23.066509501789916
30.71241490374852
28.535328498722706
6.693985238671303
14.253877250070497
8.261365005746484
38.221041937179876
11.867255447432399
12.48476898032054
9.061067895963788
18.66801667222013
9.380451561883092
35.6442850399071
3.4956629388034344
13.558392049744725
35.78813787381697
5.108432446502638
26.948850526565558
11.991190016269684
17.334142289215567
73.6159226273929
19.223738721663
18.071968573236706
13.484587278217077
46.33021209136916
4.9046023935079575
69.90691204393616
62.64853872926867
14.978038332516197
3.339467504993081
0.30274647288024426
46.18349841316807
14.955864678228144
27.942081380607796
1.8374320399016142
26.699864155704027
16.547622161098815
38.10963611881781
6.90570168197155
10.34125224687159
13.210790194571018
10.498762065544724
5.709472418684363
5.091779138892889
4.835235718637705
3.7630925700068474
5.544758792966604
21.61681732078815
5.019556412448875
69.10946294329263
7.31341554273703
19.267549545363234
15.75952480323667
3.415125422179699
29.27514619957257
7.880916865542531
14.59834964861894
44.580531167084054
4.539258379321986
14.901736619973425
25.656451153660065
18.83811596696997
16.71756070023203
66.88203557989694
15.001080113768602
7.040128195658326
58.82737084887125
27.895048743296154
18.771902973854782
71.87983698965691
4.672867006479701
3.7687712447518207
13.342352025210857
1.1472895741462708
2.811817852780223
2.3143589682877064
37.02816806565571
78.5415824258726
9.675225308164954
32.97181750914166
40.235134845781815
33.125519154775624
8.645237432792783
44.01994231836272
8.666588853554227
8.132939897477627
5.295073734596372
6.337723371222619
9.957014434039593
20.642954799437767
13.060310510918498
17.21965803580071
56.638686802602784
2.8651233576238155
2.302691306350279
35.87390906940747
4.456233652308583
24.85480060716892
61.09084427020647
0.9600529447197914
12.002389235422015
12.501522824168205
11.920044301077724
50.569080521626006
23.449738211089617
38.57111193071652
37.9457584379201
48.263854333812816
14.251316933983807
35.379176659691815
1.4609771517342638
9.979116600006819
15.140960811728482
2.7399871312081814
17.776894996965172
12.582827433943748
15.08273875256801
17.224253620112183
28.17907698284436
10.961057534441352
38.19077491592217
5.000645648688078
32.01630998234797
12.503263493999839
25.81882996400619
3.1454500649124384
15.018525979572777
14.945510037594493
1.95229341691629
6.438746443018317
19.60876019587541
27.722871097827202
5.335289118811488
5.836728690192103
20.026583316827065
6.159253661959465
12.423106236383319
109.72801250126665
3.791958187012778
37.119503392088895
13.609465137124062
19.1294581248405
23.17660780539537
6.571212940468985
0.2572109457105398
16.42512055029893
1.324876890829374
0.07085212506353855
20.942641719335562
26.5756416684928
13.232215605676174
33.97428296338368
8.79791104234755
37.600008098590855
25.127196311110502
9.959506895393133
10.961864171549678
8.144120583310723
6.366597646847367
9.657799061387777
6.006098442104575
5.929794171825051
58.08269977233507
20.03568338146234
11.767844026908278
56.667132566129595
12.755036512389779
12.347790459170938
8.494952050969005
1.9997115521590267
2.915780320763588
7.688100123777986
23.436099737042433
4.404165734537665
43.97676657633258
27.00962109407211
95.09622550996687
10.741802706202614
65.92196568510629
9.21629585325718
25.610310061925894
53.07654898361636
3.1414732275620745
23.423049486333376
45.487304886145125
21.300815529281145
7.038181759417057
34.92642957025441
22.073744664991146
8.688249923288822
5.742019678834364
18.40466039171243
6.288896566256881
6.46676367148757
1.043722191825509
10.775601036337383
6.822733033545348
21.262682369618524
15.912968713424707
26.700074317956215
15.907602737748865
24.195405931880067
4.927810104563832
2.403424811438183
13.771504797041416
17.376264127993824
5.11406977660954
42.545262523800346
8.922377868469475
63.08810054919817
1.267688849955897
44.58986928472811
5.716211572289467
1.8969810009002686
79.78165125644236
68.25014724991418
21.760627467211606
39.78741563688565
3.14189915724043
20.331537510506898
25.32855786299134
24.893930851572996
14.551498091709076
2.262242050074174
5.186080237024133
7.659529577940702
53.735084642929564
9.229473634583101
5.730523439124227
62.4263208518677
12.744582574814558
95.60371316465285
48.146375601453315
47.93289769188834
4.653587852819808
7.170836618170142
16.38566453442569
6.4290717151016
33.91743380408335
30.98156455565961
19.521277657801154
9.907704563811421
9.739955309778452
19.974872711205723
6.402619266882539
23.767452425414568
3.005510149523616
0.01839776523411274
48.10111071662379
12.387950820848346
13.00792558118701
26.765903196388727
18.627095873558762
10.086691221222281
12.320077642798424
38.88666134159613
5.997044796166122
1.5884183165038446
10.989152183756232
0.9380926933563543
16.074339169168713
3.101714409233584
3.608080744743347
4.190142029531477
6.368716722354293
26.355140785777813
1.360518028959632
3.872876912355423
5.379915637895465
9.49782906100154
3.5935907810926437
1.6438151523470879
21.33482504552031
39.319090990531926
19.41931530749226
12.51579862087965
26.71624932354117
12.727198592739677
19.383804033601525
6.87237192876637
11.743797361850739
33.29510506074477
29.205016082335003
41.748748732876166
16.61627934301604
25.88938984935904
14.769266861582045
26.977498344236857
45.409318139704865
12.059334479272366
18.984544204990307
36.39457601885844
29.488533474662727
